0.442769617
0.228886336
0.460285515
0.179623902
0.470035017
0.177582741
0.478177905
0.175285518
0.428623676
0.178245068
0.418140292
0.174915791
0.409383327
0.171468914
0.497343034
0.1708287
0.399618
0.166981757
0.462844461
0.266756922
0.427434891
0.265877813
0.571323931
0.33505097
0.340881139
0.338087648
0.619470358
0.632929504
0.264989883
0.624886692
0.657429278
0.923460305
0.203328848
0.92401731
0.676540077
0.973569453
0.185737014
0.979262471
0.644902408
0.983044863
0.203236401
0.987250149
0.635988712
0.969583213
0.214749262
0.973227024
0.524653316
0.629868448
0.430520684
0.630823851
0.515901923
0.768362164
0.44618839
0.762007475
0.506294906
0.826229215
0.466510922
0.828401208
0.499883533
0.82191062
0.468126535
0.825965405
0.499455929
0.924917996
0.471534699
0.926907837